{
 "cells": [
  {
   "cell_type": "code",
   "execution_count": 1,
   "metadata": {},
   "outputs": [],
   "source": [
    "import numpy as np"
   ]
  },
  {
   "cell_type": "code",
   "execution_count": 2,
   "metadata": {},
   "outputs": [
    {
     "data": {
      "text/plain": [
       "array([[1, 2, 0],\n",
       "       [0, 5, 6],\n",
       "       [7, 0, 9]])"
      ]
     },
     "execution_count": 2,
     "metadata": {},
     "output_type": "execute_result"
    }
   ],
   "source": [
    "A = np.asarray([[1, 2, 0],\n",
    "                [0, 5, 6],\n",
    "                [7, 0, 9]])\n",
    "A"
   ]
  },
  {
   "cell_type": "code",
   "execution_count": 3,
   "metadata": {},
   "outputs": [
    {
     "data": {
      "text/plain": [
       "array([[1, 0, 7],\n",
       "       [2, 5, 0],\n",
       "       [0, 6, 9]])"
      ]
     },
     "execution_count": 3,
     "metadata": {},
     "output_type": "execute_result"
    }
   ],
   "source": [
    "A_tran = np.transpose(A)\n",
    "\n",
    "A_tran"
   ]
  },
  {
   "cell_type": "code",
   "execution_count": 5,
   "metadata": {},
   "outputs": [
    {
     "data": {
      "text/plain": [
       "array([[ 0.34883721, -0.13953488,  0.09302326],\n",
       "       [ 0.3255814 ,  0.06976744, -0.04651163],\n",
       "       [-0.27131783,  0.10852713,  0.03875969]])"
      ]
     },
     "execution_count": 5,
     "metadata": {},
     "output_type": "execute_result"
    }
   ],
   "source": [
    "A_inv = np.linalg.inv(A)\n",
    "\n",
    "A_inv"
   ]
  },
  {
   "cell_type": "code",
   "execution_count": 6,
   "metadata": {},
   "outputs": [
    {
     "data": {
      "text/plain": [
       "array([[ 1.00000000e+00, -8.32667268e-17,  5.55111512e-17],\n",
       "       [-2.77555756e-17,  1.00000000e+00, -2.77555756e-17],\n",
       "       [-3.46944695e-17,  2.77555756e-17,  1.00000000e+00]])"
      ]
     },
     "execution_count": 6,
     "metadata": {},
     "output_type": "execute_result"
    }
   ],
   "source": [
    "A_invA = np.dot(A_inv, A)\n",
    "\n",
    "A_invA"
   ]
  }
 ],
 "metadata": {
  "kernelspec": {
   "display_name": "Python 3",
   "language": "python",
   "name": "python3"
  },
  "language_info": {
   "codemirror_mode": {
    "name": "ipython",
    "version": 3
   },
   "file_extension": ".py",
   "mimetype": "text/x-python",
   "name": "python",
   "nbconvert_exporter": "python",
   "pygments_lexer": "ipython3",
   "version": "3.7.3"
  }
 },
 "nbformat": 4,
 "nbformat_minor": 2
}
